1000
73.26899910764364
62
66
59
72
69
59
77
66
76
69
72
62
77
65
67
76
65
66
72
67
73
67
68
74
73
71
68
72
61
70
70
71
70
73
66
70
70
68
79
70
66
65
59
80
62
74
66
77
77
79
76
61
76
62
75
71
71
62
68
65
70
64
70
68
80
61
77
74
73
69
76
64
74
76
75
71
76
74
81
68
80
69
70
76
67
62
65
71
59
68
68
72
71
73
62
74
76
79
67
68
79
77
86
76
88
85
96
87
74
78
88
78
78
86
83
79
75
77
84
93
77
80
85
74
75
83
82
72
87
82
82
77
83
75
85
79
73
88
73
85
77
91
83
77
75
85
84
76
91
92
82
97
85
78
83
81
87
83
85
81
90
84
77
91
89
89
83
81
78
88
85
84
87
81
89
88
85
92
89
81
86
79
80
85
67
73
76
88
83
78
90
89
80
86
78
86
86
85
79
94
52
52
58
49
53
60
60
52
52
55
53
59
51
56
58
53
61
53
51
64
63
59
57
58
54
61
58
55
57
61
59
53
57
65
60
52
53
54
56
63
53
49
47
56
50
64
53
55
59
48
79
87
83
82
89
87
85
82
81
84
87
87
82
78
87
89
82
79
88
86
82
83
88
86
85
86
84
90
84
89
93
76
88
99
86
82
85
78
85
81
93
80
86
85
86
88
85
90
81
84
73
71
72
76
72
79
87
78
73
80
80
72
83
76
71
76
77
70
73
71
76
64
72
76
70
76
76
74
79
76
82
74
74
71
65
66
72
75
70
74
73
76
71
76
70
72
70
81
73
79
82
84
80
89
89
84
89
80
104
96
94
92
88
86
92
94
96
94
101
84
98
96
91
89
84
84
95
85
91
97
95
92
93
97
87
90
88
87
97
91
84
88
92
92
81
92
92
86
86
87
91
93
81
83
83
85
82
83
82
93
84
92
88
85
90
86
92
91
84
86
85
79
81
90
89
93
80
87
88
84
90
88
86
93
86
90
77
86
84
87
75
86
86
94
85
90
95
82
90
94
66
72
68
59
56
56
61
71
62
67
69
60
64
59
64
66
60
54
57
57
61
69
68
66
58
66
61
66
63
53
66
62
60
63
67
65
70
64
63
62
60
68
57
63
60
67
63
59
68
59
49
54
49
42
56
60
51
56
57
50
48
53
49
58
54
46
51
57
51
50
54
50
49
53
60
55
53
47
49
53
51
55
47
58
65
53
53
56
47
52
57
58
45
47
60
52
52
49
52
50
98
86
97
97
92
94
89
89
94
92
96
97
84
97
96
95
103
94
90
90
95
94
87
92
96
106
99
93
97
95
100
101
93
86
91
93
95
95
89
99
94
92
92
96
96
92
96
101
89
95
57
61
67
62
59
74
56
70
65
62
68
64
59
64
65
67
59
61
61
63
65
59
61
63
65
52
53
64
72
71
62
67
62
60
67
55
65
60
55
55
58
62
68
59
68
62
58
56
63
64
80
73
77
81
92
76
87
75
74
79
80
74
87
81
76
74
75
87
80
71
72
81
82
77
89
77
74
82
78
79
81
88
76
86
68
82
72
83
65
74
76
84
80
71
75
77
79
69
75
74
75
68
71
84
68
77
69
72
73
74
70
79
70
74
71
68
75
67
73
70
78
76
61
70
73
71
65
79
79
77
66
66
70
81
80
69
76
76
80
70
66
75
76
70
70
63
74
66
81
67
47
53
55
58
59
49
55
58
47
57
54
50
61
47
61
45
42
50
45
48
55
53
59
53
50
50
56
49
58
49
47
53
48
55
50
50
53
56
50
60
52
66
56
48
58
56
63
55
48
54
79
79
79
76
83
81
71
68
76
79
73
80
73
77
76
78
82
73
75
74
81
78
76
79
85
85
86
84
87
77
77
79
82
82
77
79
72
78
73
74
82
94
75
74
82
77
73
75
91
81
77
72
68
69
82
77
72
74
75
80
90
66
77
69
72
82
79
79
74
74
78
72
82
71
78
78
79
80
73
77
77
73
73
77
78
73
81
78
65
75
73
74
73
73
79
71
73
78
77
79
77
78
88
79
81
92
86
87
89
81
74
77
81
85
84
84
73
78
85
82
75
73
85
83
81
81
87
80
77
88
75
83
73
81
83
74
76
79
76
81
83
75
84
81
88
80
80
78
83
74
53
56
54
57
63
64
55
60
57
49
55
63
59
57
61
50
54
58
59
58
59
70
58
57
55
57
57
50
57
47
60
58
64
61
57
56
57
61
67
53
54
61
65
59
61
54
61
61
60
63
