1000
73.68377383512762
65
74
49
56
60
63
56
54
62
59
49
61
60
60
60
64
58
63
61
58
62
59
56
59
56
62
69
62
63
63
67
63
57
62
64
55
66
51
67
59
60
62
67
59
54
61
60
64
65
63
65
75
69
73
70
69
75
73
73
81
65
80
77
61
70
72
75
67
68
70
71
78
68
73
71
62
62
68
59
69
69
71
75
66
71
72
73
58
71
68
74
63
71
77
65
74
80
71
84
67
90
84
87
83
90
90
88
88
91
83
94
88
84
81
77
92
78
81
81
86
87
82
90
91
80
89
85
82
83
83
85
86
99
84
88
96
85
88
90
85
82
85
87
91
83
79
86
92
81
80
97
89
95
90
86
94
85
89
91
85
90
96
94
97
89
95
83
100
93
88
88
92
86
86
92
88
89
96
90
83
82
86
94
88
96
95
88
98
91
96
87
92
91
81
78
90
88
96
85
91
58
46
52
47
49
58
44
46
42
56
43
47
52
43
45
47
46
51
48
56
47
47
48
46
42
42
54
49
47
46
37
46
50
52
58
52
44
51
43
44
46
44
35
47
46
44
39
44
44
42
92
94
88
89
100
98
97
98
92
98
94
108
101
90
93
89
93
92
86
93
91
90
83
105
91
104
91
92
86
93
97
90
102
86
100
97
87
89
107
90
89
95
93
93
89
88
91
94
91
97
72
71
78
71
79
78
62
76
76
69
72
73
82
69
73
73
75
75
68
76
62
75
77
80
83
80
74
73
78
70
75
73
78
75
81
71
72
76
87
73
61
75
72
70
73
67
69
72
70
84
111
102
102
110
103
112
95
109
98
102
110
102
103
101
107
99
107
105
100
98
109
102
104
98
104
90
103
92
104
106
105
114
102
98
89
109
103
105
98
104
107
95
103
105
93
100
107
105
108
102
107
100
98
95
103
96
95
105
98
108
102
89
102
97
102
98
97
101
99
102
104
98
101
95
107
93
106
95
105
104
96
98
88
99
98
94
96
100
102
102
103
100
98
101
96
100
101
110
91
104
42
54
57
56
55
57
60
58
60
58
52
53
69
53
63
60
52
56
61
61
62
58
66
50
60
50
60
48
69
49
56
53
52
66
60
61
61
55
58
61
49
58
57
61
60
57
64
58
53
54
38
38
39
34
41
33
37
31
37
37
32
29
41
34
32
35
33
35
35
33
43
39
36
45
25
33
36
37
37
47
37
38
42
33
32
41
37
47
42
45
33
33
42
36
36
38
31
38
42
38
118
119
112
116
111
112
112
115
117
119
118
111
108
113
106
118
120
107
116
113
109
112
116
110
110
112
119
116
115
111
113
118
103
113
117
112
119
112
112
113
117
119
114
111
110
111
105
111
120
113
60
48
55
57
58
56
54
50
53
48
56
62
67
58
61
58
54
63
53
52
50
53
60
50
51
55
58
51
53
60
51
51
59
60
55
52
46
56
50
58
59
57
63
52
59
57
51
62
52
51
85
86
80
82
75
71
80
77
79
77
85
82
83
78
84
84
81
80
86
75
80
78
78
87
79
78
83
79
84
71
79
85
79
76
74
81
77
78
83
79
79
75
91
78
71
80
76
93
74
94
73
79
68
68
75
71
70
70
76
65
75
72
71
68
65
75
77
74
73
68
73
72
77
71
74
72
72
68
78
70
67
70
75
65
77
68
69
80
71
68
80
68
72
76
66
67
70
67
69
73
29
42
32
35
40
40
40
34
28
36
35
36
45
34
33
34
36
32
36
36
38
36
29
43
35
41
35
33
40
36
33
50
42
30
42
41
46
46
47
42
47
38
48
40
36
42
43
47
40
34
82
94
84
81
87
78
82
90
82
81
81
90
78
76
81
83
78
85
89
85
91
83
83
91
78
84
87
84
85
94
94
80
85
90
83
89
81
85
89
89
79
84
82
89
86
85
86
81
84
86
80
80
76
78
82
77
80
75
78
86
82
75
76
81
69
84
82
72
83
77
75
77
81
80
66
77
76
81
81
73
88
80
74
84
75
77
72
86
75
81
77
75
76
77
81
73
79
75
67
86
88
84
76
96
90
92
82
80
85
100
86
84
82
96
91
94
86
76
81
79
82
90
89
90
91
88
92
87
87
89
82
91
84
80
93
84
81
93
95
87
89
87
89
90
86
79
87
84
87
89
44
50
48
54
47
40
50
50
40
46
51
51
51
44
57
42
49
52
47
49
47
47
54
49
47
45
43
38
49
43
44
47
52
46
40
46
43
42
61
44
39
49
51
50
47
48
42
46
43
43
